1 1 4 1400 1620 2728 7327
2 2 5 307 593 4401 4609 9373
3 3 7 6 704 1742 1770 2567 6158 9983
4 4 14 1020 1497 1551 2409 4960 5815 6530 7051 7274 7329 8801 9362 9488 9729
5 5 15 1187 2664 3288 3370 3758 4825 5265 6313 6329 7428 7508 7722 8789 9040 9683
6 6 11 376 1094 1909 2429 2567 3675 3890 5117 5207 6438 9922
7 7 3 3536 4592 6088
8 8 13 799 1517 1964 2358 2760 2831 3146 3728 5092 5932 7454 8203 8765
9 9 13 875 1455 1464 2996 3557 3651 3708 3916 5360 5362 7031 8349 9686
10 10 10 28 1228 1489 2484 2951 2960 6958 7537 7997 9090
11 11 11 364 563 1745 1929 3862 4550 6044 6207 8093 8246 9240
12 12 14 1121 1162 1224 1755 2236 2923 3093 5079 7744 8570 8909 9053 9357 9599
13 13 11 108 310 429 1883 2462 3129 5200 5589 6800 8224 9079
14 14 9 674 2333 2752 4069 4533 4592 5673 7534 9983
15 15 8 166 441 2121 2890 3809 4344 4840 5509
16 16 11 558 2262 2949 4247 5058 7441 7913 8462 9318 9815 9840
17 17 14 4 703 709 1600 2926 5502 5830 6099 6664 6791 8625 9213 9553 9614
18 18 13 600 1829 2075 2435 2991 4033 4793 5490 6174 7679 7991 9211 9275
19 19 11 192 545 1893 2245 2792 5599 5788 6597 7362 8086 9689
20 20 11 204 1243 1931 2301 2381 2976 3911 4383 4895 6073 9129
21 21 10 1821 2964 3171 3580 5162 5601 7985 8496 9478 9742
22 22 10 654 3347 3844 4392 4499 5523 7136 8030 8911 9418
23 23 11 1087 1132 4341 4974 6217 6514 7049 7688 8069 8766 8948
24 24 11 139 185 186 829 861 3491 5162 6088 6859 8271 8419
25 25 11 1685 2030 2737 2976 3301 4133 7131 8711 8900 9129 9460
26 26 4 2733 5635 5921 8067
27 27 6 2206 2237 5353 6721 7667 8984
28 28 15 376 479 748 1125 1984 2097 2581 4775 5788 6027 6951 7524 7678 8135 8799
29 29 13 195 481 690 773 2630 5254 5998 6534 7528 7745 7826 9250 9910
30 30 9 1398 1645 2310 3381 3988 4365 6009 6044 8352
31 31 4 292 1688 3301 4337
32 32 17 866 2479 2523 2792 3960 5148 6411 6777 6837 7258 7472 7576 7739 7883 8908 8915 9878
33 33 7 966 1637 2989 4109 4156 5783 7478
34 34 6 129 582 2327 4610 5055 6543
35 35 13 580 1859 2598 3257 3275 3889 3966 5343 5932 6446 6879 7219 7483
36 36 5 690 966 1511 2030 9852
37 37 5 1153 5407 7337 9060 9236
38 38 3 4218 5223 7899
39 39 9 348 2139 3055 3338 4560 4862 6159 6960 7461
40 40 2 4656 5068
41 41 9 486 746 2132 2663 4361 4647 6040 6928 7258
42 42 9 523 1297 1354 1616 2721 2864 2883 3792 7876
43 43 19 192 313 584 916 1537 2245 2502 4810 5599 5788 5945 6174 6800 7362 8164 8204 8274 8390 8771
44 44 9 1276 2965 3557 4873 5977 6329 7387 8022 9060
45 45 5 599 6393 7491 7812 9184
46 46 17 244 273 1031 1479 2593 2888 3574 3853 3932 4182 4396 5578 5737 6318 6931 8481 8898
47 47 11 333 3269 4403 4421 4686 5783 6069 6700 6964 9150 9556
48 48 9 1684 2226 2992 3993 5423 5811 6259 7672 9836
49 49 14 29 1437 1659 1755 2167 2226 2232 2759 3069 3129 4258 6543 8653 9693
50 50 7 433 1326 3465 3868 6127 9389 9651
51 51 18 190 219 596 1310 1729 3050 4729 5002 5572 6159 6371 6521 7085 7370 8325 9294 9514 9567
52 52 14 1023 1203 2417 2706 3256 4774 5450 6317 7016 7070 7286 7513 8166 8379
53 53 12 562 575 577 6765 6857 7245 8637 9026 9040 9057 9488 9519
54 54 9 1392 3501 3648 4893 5585 5595 6880 7108 9285
55 55 8 4 529 2291 4295 5289 5484 7785 8538
56 56 11 72 1460 1891 2886 3042 4069 4618 5248 5489 7472 9554
57 57 11 1125 1454 3701 4012 5298 5482 6317 7877 8100 8915 9191
58 58 15 301 358 984 1132 1793 2843 4154 4970 6019 7673 7919 8382 8829 8929 9885
59 59 9 313 2219 4002 4877 5006 5802 5823 6505 7840
60 60 7 1001 3211 5774 6267 7087 8378 8709
61 61 5 3368 4418 8672 9905 9974
62 62 9 1437 2048 3258 4172 4286 7854 8636 8875 9805
63 63 17 186 319 1437 1587 2249 3069 3197 3952 4087 4699 5481 5819 6074 6171 6459 6594 8875
64 64 15 32 706 1200 1348 1996 2221 2399 3226 5070 5439 5878 6108 8032 8758 9195
65 65 17 161 1075 1127 1517 1771 2188 2731 2964 3122 6928 7459 7665 7983 8548 8730 9481 9676
66 66 5 503 1055 1323 4208 7530
67 67 17 315 1343 1535 1541 2075 2716 2792 3969 4620 4724 5493 5702 6295 7236 8223 8672 9806
68 68 12 154 708 737 4069 4797 4974 5469 5492 6389 6833 7926 7980
69 69 11 1489 1939 2875 3347 5068 6072 6393 6832 7205 8030 9283
70 70 2 2246 5557
71 71 15 502 831 1719 1851 2608 3108 4753 4898 7055 7528 7633 8217 8584 8726 9417
72 72 11 1554 2178 2554 2881 2976 3478 6259 7015 7171 7917 9317
73 73 8 457 2221 2381 3451 3756 4144 6546 8862
74 74 19 140 1185 1476 2717 2747 2883 2976 3188 3196 3516 4111 5014 5593 5713 6194 8111 8517 9055 9418
75 75 5 4 529 3358 7785 8771
76 76 7 19 449 1319 2119 2858 4127 9176
77 77 17 797 1088 1132 1427 2220 2665 2792 3082 3323 3586 4283 4507 5918 6386 6935 8071 8152
78 78 14 1559 2078 3684 3703 3724 4118 4407 5348 5928 6601 7289 7666 8226 9262
79 79 10 321 413 1695 2016 3146 5022 5366 5482 7217 8158
80 80 9 3684 4118 4407 5928 6601 7289 7666 8226 9262
81 81 12 1236 2598 2626 3103 3203 3804 5124 5327 5726 6066 9209 9909
82 82 11 408 846 1171 2084 2256 3644 4102 5023 7319 8089 9319
83 83 16 18 403 893 1756 3065 3347 3898 4457 5207 5601 5671 6935 7154 7502 9572 9812
84 84 1 5867
85 85 6 401 1088 1580 1923 6594 7335
86 86 5 2626 3536 4841 7785 9370
87 87 9 912 2903 4027 4277 4665 5207 8395 9325 9858
88 88 7 545 3014 6091 6115 6214 7097 8943
89 89 14 166 638 895 1376 2471 4061 4418 5732 6716 6763 6793 7355 8389 8400
90 90 14 517 806 1403 1575 2565 2760 5352 5495 6098 7454 8353 8765 8891 9152
91 91 13 288 545 1711 5262 5347 5788 6187 7347 7406 7606 9225 9612 9737
92 92 9 101 273 2091 3342 4586 5237 5499 7610 9449
93 93 8 28 427 2465 3188 3233 8067 8523 9384
94 94 12 552 1360 1575 2863 2965 3503 4362 4857 4971 6525 8583 8740
95 95 10 329 1250 2301 2598 3231 5697 6962 8144 9421 9926
96 96 7 638 5153 7857 8696 8721 9546 9709
97 97 9 2065 3065 3886 4005 6470 6676 7116 7588 9023
98 98 11 638 2961 3738 3762 4084 7178 7726 7821 8125 8828 9630
99 99 5 3129 5049 6382 8325 9974
100 100 9 144 3469 3731 4203 6129 6292 6872 7474 9124
101 101 12 28 374 527 2310 3988 4365 4550 5999 8352 8633 8732 9637
102 102 12 77 424 718 1456 1716 3178 4043 4295 5954 7542 9568 9584
103 103 3 4333 4892 9275
104 104 11 56 218 619 1690 3255 3597 4727 5103 7447 9261 9505
105 105 8 664 2508 3463 4250 4775 5601 7207 8700
106 106 13 431 1132 2275 3051 4168 4574 5480 6066 7660 7890 8103 9099 9120
107 107 10 433 742 891 923 5976 6951 7184 7350 7591 8860
108 108 13 218 1157 2226 3573 3848 4862 5102 6194 7528 8330 8828 9091 9315
109 109 6 1176 3344 7610 7920 8709 9701
110 110 8 117 3002 3289 4182 5967 6054 7866 9487
111 111 11 334 595 2307 2369 3154 3821 4567 4995 6651 6663 8014
112 112 13 67 249 1446 1716 2511 3491 3530 4640 7130 7688 7919 8086 9662
113 113 4 219 3237 7839 8075
114 114 13 553 1950 2366 2567 2598 3453 3592 3715 6900 7080 8214 9008 9209
115 115 11 1065 1209 1748 2489 2598 2683 3634 7136 7478 8886 9922
116 116 11 1883 2061 3188 4015 4544 5441 5612 6781 7646 7733 9417
117 117 10 756 1489 1531 1883 2731 4546 6493 7609 8013 8908
118 118 10 748 1378 1838 2385 2594 5760 5831 6046 6969 8908
119 119 8 563 875 1640 3177 3312 7136 7463 7999
120 120 11 56 664 2607 2700 4381 6074 6615 6998 8034 8177 8898
121 121 14 137 507 1257 1784 4255 4898 4906 5552 6543 7903 8016 8984 9100 9444
122 122 13 134 1498 3035 3188 5502 6306 6505 6672 7261 7801 8569 8911 9586
123 123 18 743 1030 1160 1643 2261 2712 2758 3078 3298 4690 4780 6082 6773 6813 8534 9219 9444 9697
124 124 7 15 981 2534 2731 4178 6713 7627
125 125 5 2084 4951 6188 8497 9501
126 126 6 589 2822 4752 5073 6562 9235
127 127 10 29 116 230 1118 1267 2271 3864 5494 6997 8054
128 128 11 806 3392 4175 4354 5495 5531 5589 7206 7674 8891 9109
129 129 4 7309 8721 8848 9294
130 130 11 928 1510 1735 2778 3898 4500 5986 6442 9301 9511 9613
131 131 13 2929 3178 3507 4585 5391 5481 5963 8079 8795 8867 9336 9533 9762
132 132 7 801 1397 1940 2385 2417 3643 9120
133 133 9 621 797 928 3196 3253 3942 6666 7694 9570
134 134 6 1115 1255 1318 3715 5775 6293
135 135 11 919 3218 5353 5408 6183 6357 8117 8400 9110 9485 9847
136 136 6 481 1962 3514 4724 6233 9179
137 137 8 2977 3232 5784 6558 7685 8500 8974 9448
138 138 9 179 1170 3690 5726 5811 6259 8835 9030 9718
139 139 12 143 188 1702 2016 2079 2951 3557 4032 4525 4672 8135 8382
140 140 6 917 2751 3302 5980 6646 9968
141 141 15 1214 1396 1564 2023 3551 5595 5754 6433 7071 7132 7576 7955 8400 8604 9139
142 142 4 1093 3215 7266 9648
143 143 5 474 1128 4868 4929 6991
144 144 8 3364 3425 3784 4076 6476 7668 7765 9933
145 145 11 122 850 2077 3100 3258 3359 3582 4472 5213 6693 7982
146 146 20 207 364 1129 1270 1928 2065 3113 3767 4428 4603 5460 5874 6586 7182 7599 7739 8637 8732 9181 9568
147 147 19 86 1996 2721 2966 3288 3370 3612 4310 4333 4402 4978 5275 6012 6927 7203 7558 9120 9515 9847
148 148 15 660 895 1376 1416 2232 3199 4061 6716 7241 7355 7557 7866 9176 9787 9840
149 149 12 550 690 1162 3055 3070 3885 4644 5499 5770 7562 8644 9250
150 150 8 378 747 3079 4874 5288 6202 8210 8360
151 151 8 1027 2301 2498 6323 6403 7863 8265 9671
152 152 13 492 1641 2669 3334 3449 4384 5293 5732 7692 8147 8231 9525 9950
153 153 9 751 1728 2023 3570 5081 8757 8759 9687 9846
154 154 10 67 1147 2731 3120 4204 5177 5771 6313 7381 8011
155 155 4 5026 5362 5688 7471
156 156 10 1773 2679 4863 5968 7079 7084 7242 7479 8730 8917
157 157 2 5835 7811
158 158 8 2081 2328 3328 5114 5492 5784 6422 8386
159 159 11 653 861 3612 4049 4669 5458 5605 6991 7626 7709 9359
160 160 7 1911 2281 3197 3247 3387 8538 9063
161 161 6 4589 5218 6220 7307 7948 8860
162 162 5 3213 4225 5944 6174 8575
163 163 10 605 2386 2512 2970 2990 3065 6803 6812 6906 9840
164 164 14 474 1459 1630 2017 2196 2391 4076 4768 5426 5669 6291 7956 8864 9612
165 165 14 1641 2864 3381 4410 5115 5804 5974 6936 7520 7655 7966 8211 9572 9883
166 166 2 2769 5605
167 167 11 912 2903 4027 4277 4788 5207 7648 7854 8091 8854 9858
168 168 5 2682 4989 6694 7006 7764
169 169 10 622 1270 1323 1654 2703 4119 5219 7358 8305 8789
170 170 8 2 4676 5546 6174 8262 8550 8906 9429
171 171 4 1409 4427 7685 9272
172 172 14 1033 1154 2198 4974 5435 6361 6425 6867 7278 7542 8305 8852 9013 9389
173 173 10 1785 2360 2796 5332 6889 7085 7387 7613 8761 9284
174 174 17 459 618 1529 2457 2899 2913 3149 4661 5700 6106 6586 6624 6659 8890 8997 9181 9511
175 175 17 16 21 482 831 1728 2360 2366 2787 3460 4252 4627 4761 5877 8784 8810 9337 9417
176 176 15 1310 2208 3551 4410 4491 4768 5250 5300 6126 6180 6666 7355 8013 8969 9812
177 177 9 1769 3487 3627 3719 3725 5023 5735 6313 9229
178 178 11 322 550 2075 3280 4178 4384 4752 4862 5301 7075 9076
179 179 6 331 1608 4498 5997 7209 9435
180 180 14 49 240 1932 2307 2860 3023 3970 3984 4001 4562 4598 5989 7426 8671
181 181 14 140 1340 1357 1476 2341 2883 2992 3516 4032 5014 8111 8765 9055 9418
182 182 10 739 879 1152 1301 1874 5819 6015 6145 8233 9165
183 183 15 479 1003 2834 3485 4620 4896 6072 6262 7104 7287 7424 7561 8609 9211 9741
184 184 11 1990 2007 2857 3324 3639 4700 5319 6620 7483 8678 9508
185 185 7 333 3269 4066 5783 6589 6700 9556
186 186 7 1572 3511 5362 6546 8755 9549 9883
187 187 9 1235 1643 1701 2596 3248 3555 5491 7309 7600
188 188 12 653 2207 2923 3004 3387 3453 3537 5051 6194 8788 8832 9247
189 189 5 6 1302 2992 5589 8745
190 190 10 279 431 981 2292 3962 4286 4743 6883 8382 9612
191 191 4 6857 9026 9040 9488
192 192 11 1310 2081 3328 4096 5114 5291 5492 5784 8386 8940 9697
193 193 14 308 1250 2598 2733 4455 4629 5430 6262 6792 8228 8619 8654 9421 9926
194 194 9 1209 2860 3242 4247 5523 7070 7715 8609 9089
195 195 6 720 3211 3330 4076 6766 9790
196 196 9 751 3898 4538 5239 6861 7085 8718 9284 9605
197 197 7 19 270 589 2365 2877 5918 9030
198 198 15 433 891 2070 2154 4142 4217 5629 5976 6029 6077 7184 8325 8860 9037 9812
199 199 8 101 1219 2175 2766 5996 7535 8698 9585
200 200 11 19 188 1645 1653 1702 1717 3415 4525 6002 8135 8382
201 201 13 99 1338 1991 2705 3177 3453 4333 4336 4898 7259 8273 9320 9354
202 202 16 806 1623 2681 3103 3980 4920 5191 5368 5885 7408 7528 7536 7559 8231 9346 9568
203 203 8 1057 3769 3991 6860 8035 9318 9711 9987
204 204 6 184 3153 3359 3406 4139 9285
205 205 14 1348 1821 3146 3696 4616 4713 5631 6503 6909 7325 7537 8092 9294 9709
206 206 8 1318 1896 2036 2684 4636 5037 6191 7043
207 207 8 2898 3155 4862 5482 7533 8718 9106 9758
208 208 6 406 1985 3394 4349 7639 8757
209 209 8 977 1427 1901 3619 5572 6322 8653 9199
210 210 6 625 4781 7618 8721 8799 9878
211 211 10 811 3050 3622 5572 6313 6521 7381 8011 9294 9995
212 212 10 1308 3864 4674 5066 5321 5843 7370 7659 9489 9819
213 213 7 1189 1904 5368 5972 6583 6717 7720
214 214 9 1237 1455 3557 3916 5343 5936 6350 7031 7948
215 215 11 305 1728 3023 3055 3951 4031 4252 5981 6159 8727 9722
216 216 10 2610 2904 3321 3378 5861 7798 8228 9436 9697 9870
217 217 8 2827 2857 4084 6792 7598 7884 8049 8660
218 218 7 277 1219 1416 6011 6900 8095 9008
219 219 9 2016 3935 4025 4204 4277 5136 6417 6917 8026
220 220 13 19 408 449 1319 1417 1904 2119 2858 3527 4127 5044 6538 8090
221 221 15 288 425 2177 3298 4345 4730 5262 6194 6281 6986 7347 9126 9532 9612 9737
222 222 5 3133 5560 7242 9330 9460
223 223 8 336 523 2510 2865 4353 5200 5557 6069
224 224 2 2183 2337
225 225 14 1187 2079 2093 2607 3887 4524 5501 6329 7004 7478 8214 8789 9605 9793
226 226 12 348 878 2443 4882 5445 6960 7007 7037 7461 7783 8520 9737
227 227 8 507 2243 2742 2763 4203 4947 5115 5980
228 228 13 8 223 455 2229 2289 2919 5191 5944 6292 6832 6892 6900 7188
229 229 5 672 1325 7304 8506 9331
230 230 10 1420 2212 3952 5823 6049 6572 7080 8704 8781 9608
231 231 8 653 2833 2975 3251 5067 6082 6344 7071
232 232 11 905 970 2870 5027 5252 5750 6179 6576 7941 9107 9505
233 233 15 1432 1455 3233 3487 3557 3719 4752 5023 5343 5735 6313 7031 9229 9697 9780
234 234 13 104 1616 1821 2120 2508 2721 2864 3134 3792 4156 6999 7638 9478
235 235 11 2226 2276 2485 2589 2721 3449 3988 4046 5417 6304 6589
236 236 13 29 1616 2084 2118 2212 2626 4111 4539 4855 5593 5713 5861 9125
237 237 5 497 6857 9026 9040 9488
238 238 19 140 482 1340 1476 2360 2787 2883 3516 4627 5014 6769 8111 8595 8765 8810 9055 9296 9337 9418
239 239 10 1641 4389 5804 7655 7966 8271 8696 8909 9546 9709
240 240 7 1033 1055 2420 3900 4412 5364 7790
241 241 7 3093 3612 4117 4669 4813 5368 7459
242 242 9 898 1661 4238 4328 6411 6766 9315 9662 9929
243 243 9 292 958 1688 2195 4337 5653 6120 8149 9404
244 244 3 1157 1845 5387
245 245 14 110 680 1041 1372 2831 3029 3545 5081 5295 8020 8619 8745 9567 9867
246 246 17 15 177 390 622 741 1456 2731 3837 4181 4437 5892 7627 8419 8569 8671 9384 9792
247 247 15 301 636 984 1185 1387 2207 2457 4154 4665 4889 4970 5854 6367 8929 9239
248 248 17 1582 2046 2183 3123 4023 5656 6126 6671 6947 8139 8209 8457 8802 8873 9079 9150 9320
249 249 13 234 425 446 731 2203 2249 2831 3095 4293 6993 8422 9096 9340
250 250 4 3712 5553 5986 9511
251 251 12 685 2400 2807 3507 3821 4365 4539 5229 5293 7682 9150 9606
252 252 11 1030 1195 1218 1286 2789 4559 5426 6046 6238 7087 8994
253 253 18 47 1224 1464 1476 1794 2263 2502 2673 3070 3224 3311 3555 5151 5750 5963 6601 8238 8490
254 254 19 221 416 3334 3552 4090 4705 4756 5153 5942 5949 7821 7862 8086 8103 8483 8759 8871 9201 9402
255 255 12 941 1744 2363 2420 3626 3888 4553 6745 6999 7790 7800 7820
256 256 8 104 310 3309 4261 4811 6468 7360 9069
257 257 10 234 900 1055 3570 3952 3977 4206 5462 5944 7831
258 258 11 1140 2208 2291 2633 4295 5289 5484 7533 7875 8538 8968
259 259 11 743 772 1449 1458 1637 3483 3599 5543 7217 8119 9298
260 260 14 1252 1261 3424 3715 5107 5395 6092 6293 6674 6676 7646 7800 8925 9389
261 261 17 400 1273 1452 3864 4032 4412 5257 6099 6133 6267 6665 6935 7175 8004 8082 9321 9808
262 262 6 353 1882 5063 8122 8703 8836
263 263 10 2552 3733 4027 4362 4863 5207 6194 6324 7081 9261
264 264 5 1785 5809 5981 9628 9905
265 265 7 221 3334 4756 5153 5949 7821 8103
266 266 16 1153 1311 1760 2074 2283 3151 4204 5147 5257 5301 6340 7055 8208 8604 8676 8757
267 267 13 886 1659 2505 2759 5251 5347 5448 5800 5885 5989 6218 6918 6931
268 268 5 1301 2337 4253 6130 6927
269 269 13 117 873 1796 2026 2055 4721 4839 4911 5635 5885 7982 8087 9310
270 270 10 159 2207 4126 5101 5164 6075 7382 7396 8766 9852
271 271 3 2084 4951 8497
272 272 11 691 1431 1437 1821 3097 3887 5685 5787 6259 7897 9648
273 273 14 123 652 1426 1463 2206 2795 3257 3501 3568 5658 6395 6586 6880 8002
274 274 6 210 1298 2854 4595 4610 6317
275 275 14 951 1537 1650 1656 3679 3926 4705 7599 7610 7942 8729 8759 8871 9709
276 276 7 2408 3286 4363 5165 5823 5828 6666
277 277 12 170 1318 2684 4274 4876 6191 7237 9617 9648 9680 9722 9806
278 278 13 1685 2030 2044 2264 2976 3301 3703 4793 5552 7134 7340 9129 9183
279 279 20 1564 1686 2075 3055 3255 3848 4333 4618 5942 5945 5966 6813 6844 7006 7884 8314 8557 8558 8689 9632
280 280 7 170 981 2431 3196 4101 6996 9480
281 281 10 1467 3347 3529 3766 4050 4768 8030 8521 9049 9096
282 282 6 748 6431 7609 7739 8468 9946
283 283 9 470 2147 2907 3969 5333 7131 8465 8548 8561
284 284 6 1950 2852 3514 3952 7382 9260
285 285 11 1073 2249 3482 3545 3728 4651 5109 7269 7719 7995 9929
286 286 9 1027 2156 2256 3201 3940 6454 6775 8959 9971
287 287 6 341 1920 2362 4132 4240 4489
288 288 12 403 555 889 2677 2854 6032 6195 7985 8168 8173 9775 9929
289 289 15 36 186 1630 3002 3321 4181 5020 5516 6281 6410 7441 7520 7588 7646 9567
290 290 12 721 1629 2480 2692 4188 4484 5462 6415 6935 8476 9232 9716
291 291 13 444 2751 3231 3570 3696 4376 5586 5598 6674 7480 7866 9501 9762
292 292 10 1920 2055 2664 2883 3414 3652 4558 4911 5014 5737
293 293 17 869 1043 1049 1389 2382 2740 3107 3177 3351 4864 5878 6287 6717 8901 9284 9546 9588
294 294 5 1272 4247 6094 7391 9505
295 295 20 1265 1451 1854 2328 2481 2647 3298 3305 4592 4752 4905 4984 5835 6088 6095 6281 7656 8715 9287 9302
296 296 16 234 552 808 1582 2232 2298 2462 2951 4259 4292 4726 7892 9340 9508 9743 9879
297 297 7 321 1211 1529 1531 5859 8832 9493
298 298 8 15 220 1497 1827 3511 5768 6782 9804
299 299 11 1929 2260 3977 4125 4210 5174 7387 8342 8498 9370 9778
300 300 11 258 2388 2471 3312 3394 4258 4528 4661 7879 8657 9369
301 301 14 277 446 1411 1763 1821 2038 2258 2878 3863 3974 6790 7884 9567 9698
302 302 10 1929 2038 2554 2881 3974 5527 6259 8278 8728 9317
303 303 9 135 220 482 1760 2369 2508 4742 8135 9792
304 304 8 544 2093 2594 4862 5712 6207 7624 8093
305 305 16 690 1569 1758 1859 2158 2198 3688 4282 5441 6431 7039 7083 7340 7646 7866 9827
306 306 8 403 748 3216 4586 5405 6431 6999 7934
307 307 14 288 1477 1898 2354 2752 3605 3918 4899 4931 5803 7116 8832 8920 9120
308 308 14 110 733 3096 3142 5299 6199 6304 6945 7687 8002 8231 8458 9129 9481
309 309 9 3704 3986 5712 5828 6048 7193 8082 9013 9723
310 310 10 239 1152 3635 3790 4940 5013 6872 7168 9463 9648
311 311 11 99 1178 1407 2694 2706 4732 7248 7655 7739 9055 9272
312 312 2 4375 4956
313 313 6 67 2683 6259 6931 7932 8289
314 314 9 487 783 1314 1882 6082 6572 7316 7328 8710
315 315 9 979 1218 1567 4694 5031 5164 6400 6434 7979
316 316 11 100 751 951 5359 5541 5707 6007 6367 7216 7362 8274
317 317 10 832 2219 3178 4002 4877 5205 7650 7840 8795 9269
318 318 10 1382 2688 3025 3352 3551 4024 5601 8380 8955 9460
319 319 9 959 1701 2412 3821 5640 6152 6644 8830 9090
320 320 6 419 1125 5903 8059 9069 9553
321 321 13 230 2461 3721 4744 5353 5958 6543 6745 7094 7242 9115 9384 9881
322 322 11 1096 2031 3355 5413 5721 6775 7529 8241 8766 9480 9688
323 323 5 936 5802 8422 9096 9247
324 324 13 514 1252 1722 2339 3059 3098 3787 4752 5934 6277 6991 7652 8526
325 325 8 273 3188 5237 6099 7610 7646 7733 9417
326 326 9 523 2048 3258 4286 5490 7084 8305 8636 9805
327 327 12 492 1695 1977 2245 4620 5493 5914 6183 8237 9354 9648 9913
328 328 10 19 492 830 3239 4920 6035 8079 8414 8995 9120
329 329 15 1368 1426 1977 2120 2679 3196 3977 4163 4789 5601 6506 7267 7345 8971 9040
330 330 15 148 186 321 1147 1270 2065 2720 3648 4428 4603 7022 7182 7483 9568 9781
331 331 12 330 396 1261 1272 3940 4389 5407 5442 8236 8271 8909 9167
332 332 9 3378 3629 3984 4255 4455 5146 7114 7162 9504
333 333 9 199 396 1005 1405 2716 5548 5690 5940 8013
334 334 14 654 1698 2457 3656 4392 4499 5066 5854 7136 7447 7588 8673 9239 9418
335 335 17 1818 2555 2879 3316 3538 4051 5976 6093 6265 7715 7728 8251 8532 9127 9183 9630 9632
336 336 8 34 880 3364 4396 5073 6090 8530 8968
337 337 8 3616 4772 5218 5974 6377 8203 9493 9711
338 338 12 1653 1700 2203 2237 3608 4143 4144 4868 6012 7528 8468 8984
339 339 2 3229 6202
340 340 5 891 2147 2996 7866 8747
341 341 9 419 868 1014 3491 5963 8086 8830 9356 9848
342 342 8 254 1824 1854 2511 3688 4724 5015 7451
343 343 12 1958 2628 2870 2990 3396 3792 5240 5908 6328 7168 8240 8501
344 344 12 549 1007 3311 5305 6198 6558 7511 7744 8065 8138 9460 9721
345 345 7 4 593 2190 6055 8400 8763 9067
346 346 7 993 4411 6643 7739 8468 9120 9946
347 347 6 1298 3437 3441 5546 8829 9867
348 348 15 234 1113 1587 2053 2258 3005 3156 3709 6156 7600 8122 8382 8715 9105 9576
349 349 7 3233 3784 4364 4376 5066 7668 9454
350 350 21 279 376 1464 1474 2330 2557 2747 2827 2909 2976 3129 3188 3196 3753 4599 6194 6319 6382 7317 7582 8490
351 351 13 2279 2816 3100 3352 3897 4332 5073 5301 5907 6360 8555 9493 9533
352 352 10 56 472 1690 2391 3255 4727 6519 8959 9261 9393
353 353 8 318 2249 2506 2510 3128 4113 5136 7787
354 354 10 690 3070 5495 5499 5770 5801 6133 7562 8644 9250
355 355 10 301 609 1152 1620 2601 3695 4393 5826 7329 8802
356 356 11 811 2061 2878 3622 6042 6313 6792 6953 7085 7381 8011
357 357 13 668 2716 6811 6952 6955 7471 7550 7822 8252 8569 9130 9672 9751
358 358 10 390 3704 3734 5523 5712 5828 8049 8571 9511 9723
359 359 11 595 1799 2607 2975 4197 5927 6218 7366 9488 9801 9848
360 360 14 2273 2987 3921 5587 5847 6168 6657 6701 6791 7672 8576 9224 9321 9763
361 361 7 1357 2052 2607 5660 5837 9226 9792
362 362 6 30 141 4038 8443 8748 9891
363 363 10 1310 2755 4096 4336 5291 5999 6731 8775 8940 9697
364 364 15 315 679 875 2506 2864 3418 3651 4424 5362 8072 8382 8695 8781 8786 9043
365 365 11 1265 2328 2470 6956 7656 7757 8059 9285 9302 9593 9692
366 366 14 1885 2596 4214 5368 5800 6048 6589 6732 7110 7642 7750 8281 8668 9796
367 367 11 756 997 1217 1325 2183 2762 3670 6130 8506 9223 9331
368 368 11 751 2362 3176 3921 4753 5809 6096 6441 8541 9263 9340
369 369 8 1331 1621 4305 4374 4695 5200 5653 7664
370 370 6 2385 6194 6281 7334 9126 9532
371 371 16 139 653 2256 2259 2279 2706 3256 3897 4332 5073 5858 5907 6027 6360 8027 9720
372 372 9 898 2120 2429 4705 5240 6483 8567 8605 9893
373 373 12 340 1643 1680 3694 4031 4577 4590 5421 5726 6216 7075 7351
374 374 10 83 2131 2154 3844 4357 5523 6099 6927 8125 8911
375 375 7 1093 2081 3860 4146 5198 6119 7990
376 376 13 478 2133 2220 2385 2653 3264 4022 4873 7480 8194 8521 9310 9986
377 377 6 1265 2567 4722 5799 6137 9955
378 378 12 78 136 1987 2968 4215 4577 4616 5884 6697 6953 7519 9388
379 379 10 566 605 690 1289 1364 5562 7021 7624 8091 8689
380 380 10 2039 2977 4265 4890 4936 5671 7130 7316 9511 9572
381 381 15 285 2065 3306 3769 4441 4444 4708 4872 5168 6313 6908 7075 7213 7478 8419
382 382 15 20 186 549 951 2125 2721 2831 2834 3490 3570 4465 7650 7694 7813 8828
383 383 15 121 390 947 2537 3042 3278 3489 3545 3734 5414 5422 5523 5835 8397 9569
384 384 16 319 636 1206 2900 3490 3612 4205 4298 4498 4581 4739 4825 4875 6310 6470 9905
385 385 18 273 664 741 886 1121 1162 1540 1669 2249 3042 4722 5063 7231 7550 8909 9002 9023 9767
386 386 22 19 396 1125 1441 2288 3433 3644 4436 4476 5211 5903 6798 7401 7543 8059 8356 9188 9253 9553 9614 9828 9982
387 387 5 1964 2232 5251 5986 9511
388 388 10 322 852 919 2188 4747 5065 5068 7387 7852 8338
389 389 15 351 691 1074 1896 2275 3478 3519 3725 3934 4142 5515 5775 7216 7914 9480
390 390 14 985 1193 2420 2573 3411 4120 5905 6308 7209 7337 8087 8257 8567 8798
391 391 7 139 1963 4146 5504 6031 6284 8732
392 392 19 475 2045 2140 3390 3463 4607 4837 4918 4947 4962 4967 7573 7715 8013 8382 8966 9114 9571 9691
393 393 9 100 1183 2731 3855 5541 7216 8379 8504 9176
394 394 11 1239 1269 3005 4409 4942 7655 8659 8835 9909 9927 9982
395 395 10 187 2030 2040 3578 4491 4722 5893 8617 8636 9442
396 396 13 557 694 1368 1648 1977 2731 2835 3196 5601 5715 6506 7267 9015
397 397 10 275 1939 3887 4257 4747 4863 5886 6470 7801 8989
398 398 4 585 2303 4119 4349
399 399 11 2 229 3520 4676 5546 6174 8262 8550 8906 9429 9719
400 400 8 1567 2534 3276 4046 4178 5067 8103 9242
401 401 12 577 1774 2866 3848 4686 5198 5501 6254 8211 9315 9463 9686
402 402 10 919 2188 2219 5009 5918 6218 6486 7387 8338 9023
403 403 13 605 656 2386 2970 2990 3510 3730 3848 4281 5501 6487 6803 6906
404 404 5 850 3330 4831 7646 7655
405 405 14 1125 2721 3211 4218 4442 4822 5018 5223 6628 6860 7098 7899 8257 8369
406 406 9 1436 1962 2586 3275 3897 6027 6477 7147 7717
407 407 9 123 1950 2831 5003 5557 5646 6142 6613 7131
408 408 13 741 1427 1436 1437 1663 4172 5789 6505 6524 6642 7022 7854 8875
409 409 14 101 677 965 3028 3057 3090 4142 4432 5996 6737 6807 9325 9580 9676
410 410 8 1224 2827 2857 6792 7598 7884 8745 8900
411 411 13 1396 2279 2341 3897 4146 4332 4561 5073 5907 6360 7600 9533 9784
412 412 14 1427 1448 2083 2097 3259 3900 4931 4974 5699 6118 6837 8710 8890 9852
413 413 17 1736 2038 2740 3525 3538 4175 4363 4449 4564 5823 6338 7526 7777 7984 8382 8910 9321
414 414 4 390 2568 2764 5421
415 415 13 595 1695 1735 1841 1977 2033 2996 3693 4454 4620 6183 8822 9354
416 416 13 324 860 1338 2154 3555 3620 4594 5823 6701 6766 7550 9359 9433
417 417 18 1590 1653 2451 3035 5191 5366 5479 5509 5651 6230 6367 6487 6987 8147 8226 8929 9878 9971
418 418 8 1214 1368 2640 2837 3945 4814 8142 9362
419 419 16 29 1031 1291 1562 1616 3001 3325 4048 4539 7178 7800 7825 7866 9125 9128 9951
420 420 4 1291 1562 4048 7178
421 421 8 267 4467 4920 4978 6601 7682 8147 9647
422 422 15 374 629 741 1785 1882 3682 6699 6873 7472 7557 7562 7899 8745 8781 9693
423 423 6 244 3107 3177 6208 6329 9354
424 424 14 1468 2450 2617 2628 3115 3396 3721 3732 4936 5622 7885 8084 8566 9708
425 425 14 527 1396 1896 2036 3551 4550 4769 5754 5999 6433 7071 7132 8604 8732
426 426 9 499 901 1297 1637 2807 3507 4539 9150 9804
427 427 10 653 952 1417 1963 5945 6344 8868 8986 9359 9687
428 428 7 1033 2275 5220 5963 6866 6872 8753
429 429 15 500 931 1299 1347 2554 2663 3490 3570 4162 5962 6354 6668 7392 7638 8125
430 430 15 1722 3787 3920 4335 4752 5109 5330 5892 6471 6520 6931 7852 8252 8835 9171
431 431 4 2643 3112 5686 8273
432 432 13 372 690 740 1338 1999 2139 3471 3918 4571 4924 5852 7494 8078
433 433 16 219 315 596 1450 1473 1729 2009 2812 3547 4901 5512 5768 6238 6371 7085 9514
434 434 11 67 1096 1251 3754 3959 4828 5288 6348 6775 8491 9688
435 435 7 3934 4432 4484 4765 7269 7387 8757
436 436 4 1448 6837 8890 9852
437 437 8 2888 5383 5449 6483 9002 9040 9354 9560
438 438 10 6 239 659 1690 2989 4772 5601 6075 8297 9976
439 439 12 1854 2844 3173 5586 6867 7300 7682 7999 8421 8689 9375 9538
440 440 10 1608 1904 5026 5362 5688 7140 7706 8413 8987 9976
441 441 15 56 274 408 1113 2131 3475 4589 4706 4999 5073 6220 6914 8204 8382 9500
442 442 10 507 1110 1148 1427 2078 2643 5201 5605 6137 9955
443 443 11 797 1427 3697 5656 6857 6947 8457 9026 9040 9488 9628
444 444 14 1636 2038 3191 3197 4309 5861 6839 6889 7354 7519 8239 8538 9285 9533
445 445 14 123 1784 1946 1950 3264 3422 5003 5363 5646 5662 5823 6049 6461 7131
446 446 5 2883 3808 7985 8786 8890
447 447 13 1007 1955 2078 2879 3200 4924 6188 6216 6505 8427 8440 8695 9769
448 448 8 479 2075 2169 4396 4730 5501 7237 8672
449 449 9 301 1933 3598 4361 4868 5495 6098 6144 8128
450 450 12 822 1151 2226 2619 2731 3017 3796 4392 5363 8093 8943 8955
451 451 13 1103 1206 1824 2102 6863 8441 9125 9126 9211 9360 9368 9499 9691
452 452 9 177 478 589 622 741 5663 6049 8761 8820
453 453 13 1974 2386 3038 3113 3253 3433 6666 7361 7694 7794 8065 8075 9226
454 454 3 351 949 9488
455 455 8 2589 2721 3449 3988 4046 5417 6304 6589
456 456 8 1189 1448 1904 2147 5368 6583 7720 7913
457 457 11 223 321 1381 1983 2523 2919 3005 5976 7188 7439 8637
458 458 15 319 809 945 983 2459 2461 2732 2931 3859 3898 6742 8723 8989 9148 9598
459 459 9 423 863 1211 1981 4898 4960 5014 7893 9287
460 460 15 2649 3684 4118 4407 5256 5712 5928 6367 6601 7289 7328 7666 8226 8745 9262
461 461 4 1722 2913 4218 4397
462 462 11 618 1929 4769 6008 6106 6199 6586 7197 7925 9181 9511
463 463 9 1702 2294 3236 4127 4647 4752 5923 7187 7557
464 464 5 67 7358 8698 9068 9163
465 465 8 1 1644 2450 3806 4588 5877 8649 8984
466 466 5 1938 3587 5000 6263 9740
467 467 5 5842 6148 6375 6576 9697
468 468 4 1551 2731 3065 8730
469 469 14 1569 2198 2470 3688 4282 5441 6049 6572 6614 6847 7039 7757 8781 9593
470 470 10 585 1781 2119 2890 3682 4404 6079 6599 7866 7884
471 471 2 8226 9789
472 472 5 3177 4584 5022 5040 7899
473 473 9 449 3204 3736 3859 4112 6553 7233 7258 8673
474 474 9 310 1497 1539 3052 3728 3898 4918 8136 8714
475 475 6 313 5823 6832 6953 7563 8757
476 476 11 386 1829 2435 2992 3988 4517 5490 6041 6867 7613 9275
477 477 9 2481 3834 3934 5893 7822 7846 7899 8192 9620
478 478 6 825 1334 1706 6385 7025 7426
479 479 6 499 660 1637 2232 7557 9804
480 480 10 1636 3526 3721 4309 4565 5861 6889 7450 8239 9285
481 481 16 308 1132 2044 2357 2664 2975 3190 3204 3583 3794 5456 5918 6777 7623 7947 8152
482 482 14 1338 1525 3210 3448 3934 4222 4920 5096 5842 6099 7236 7668 8617 8937
483 483 4 234 2972 5465 9362
484 484 13 72 2082 2150 2873 3023 3330 4619 5649 7766 7946 8766 9033 9128
485 485 12 175 364 538 550 2075 2135 3658 3890 4178 5301 7366 9805
486 486 9 1042 1193 3253 5279 6387 7694 8462 8908 9947
487 487 9 593 1436 1464 2333 3483 6009 6022 6621 8815
488 488 6 2392 4353 4364 5254 6889 7066
489 489 9 981 2106 4236 4785 5347 5685 5843 6713 8771
490 490 6 20 2125 2834 3490 7813 8828
491 491 16 310 1756 1938 2461 3052 3721 3728 4649 5353 6538 6923 7152 7242 7582 7861 9115
492 492 15 67 632 1245 1446 1846 2020 2203 2511 2598 4087 4192 7130 7688 7736 8906
493 493 11 67 162 479 595 2046 2167 2226 5802 7358 7362 8040
494 494 10 1155 1650 2401 2939 5103 7479 8244 9349 9401 9678
495 495 14 308 348 1273 1569 2357 2664 3583 5718 6313 6345 6777 7699 8908 9709
496 496 11 209 313 1585 1990 2448 2721 4898 7542 7853 8361 8766
497 497 15 321 423 1325 2016 3723 3795 4243 4661 5022 7217 7424 8158 8609 9239 9336
498 498 12 279 457 531 2330 2909 3371 3753 4121 4717 7582 8061 8594
499 499 13 1486 1932 2307 2831 3568 3970 4559 4562 4599 5989 7372 7387 9790
500 500 17 301 358 515 984 1793 4154 4588 4970 6572 6942 7316 7328 7942 8552 8929 9090 9228
501 501 6 1787 4320 5817 5965 6992 7757
502 502 11 245 1739 3656 3675 5771 6142 6294 7109 7439 8338 9165
503 503 7 321 3301 3359 5531 5981 6074 6693
504 504 13 1184 1201 1351 2169 3690 4296 4730 5299 6275 6662 7109 7260 9687
505 505 11 110 333 433 3269 3545 4119 5783 5976 6046 6700 9556
506 506 14 402 1369 1396 2309 2461 2812 3859 4890 6707 7004 8348 8978 9148 9598
507 507 3 1136 1668 2039
508 508 9 390 1436 1585 3501 4832 4879 6110 9242 9329
509 509 5 2042 3155 3223 7533 9758
510 510 6 321 3633 4129 6556 7217 9429
511 511 9 542 742 923 2509 3214 5507 5774 6951 8083
512 512 8 465 1883 2995 5552 7126 7610 8895 8940
513 513 6 2730 3471 4495 4496 5574 5719
514 514 6 992 3889 4966 6715 9209 9913
515 515 11 401 1088 1306 1580 1923 5004 6594 6821 7335 9009 9339
516 516 8 2731 2778 3120 4454 4654 7330 7381 8011
517 517 11 400 898 1329 1695 1855 2213 7236 7912 8074 8100 9159
518 518 4 2139 3298 3427 7420
519 519 10 1813 3252 4259 4686 5316 5489 5509 6069 9032 9150
520 520 11 1604 2154 2420 3128 4107 5877 6256 7007 7407 8520 9737
521 521 4 875 5363 7463 7999
522 522 11 2121 2890 3511 3809 4344 4620 4840 5768 5893 6782 9804
523 523 6 831 1851 3108 4753 7055 7528
524 524 10 186 3460 4122 4960 6081 6475 7272 8226 8988 9105
525 525 11 1960 2181 3365 5288 5700 7411 7897 8139 9088 9391 9396
526 526 12 239 1152 1594 3560 3790 4940 6730 6872 6963 7168 8160 8625
527 527 10 601 3886 3942 4444 4687 5593 7097 7361 7552 9444
528 528 16 478 601 1850 2502 2563 2692 2841 2931 3276 3648 4887 5349 5694 5878 6071 9316
529 529 12 644 1468 1756 2700 2864 3881 5867 5981 6935 8557 9610 9812
530 530 10 125 809 874 1490 2989 3508 5818 5893 7406 9247
531 531 8 1567 4694 5031 5164 5240 5784 7528 8500
532 532 12 612 732 832 1974 2975 3418 4324 4902 5509 6390 7240 8288
533 533 8 330 653 1688 2420 5288 5976 7748 8172
534 534 12 345 1505 1811 3033 3086 3393 3871 5382 6414 6693 6880 7744
535 535 7 240 513 3510 4144 4393 6924 8865
536 536 9 34 434 792 4594 5211 5752 6952 9023 9866
537 537 8 172 2042 2782 3155 3223 5636 7533 9758
538 538 7 908 1582 3123 5138 6671 8209 9412
539 539 9 813 1147 2081 3278 5601 6283 6468 8709 8974
540 540 8 545 1813 3252 4259 5316 5489 5788 9032
541 541 14 78 1022 1901 3619 4074 4390 4577 5277 7370 7372 8653 8950 9448 9789
542 542 19 210 219 1299 1347 2554 2663 2854 3237 3573 4595 4610 5962 6317 6354 7638 7839 8075 8557 8776
543 543 12 1776 1885 3308 3530 4315 4531 5501 6644 7483 7692 7918 8082
544 544 9 2038 2720 4862 5387 5833 6166 7686 8537 8723
545 545 15 1376 1756 2608 3145 3882 4095 5482 6048 6247 6963 7110 7905 8502 8668 8968
546 546 8 321 3210 3726 5640 6048 7241 8049 8781
547 547 13 390 478 1224 2119 2890 3276 3648 3682 3694 5334 5349 5606 6229
548 548 13 129 793 2029 2959 3592 3597 3879 6701 6723 7868 8657 9172 9320
549 549 6 3298 4250 5656 5765 9057 9270
550 550 6 499 749 1637 1815 3510 4403
551 551 9 3511 4140 5768 5893 6614 6782 9287 9520 9804
552 552 5 813 2919 4454 5479 6054
553 553 5 1382 2688 4024 5601 9460
554 554 15 343 1235 1351 1701 2596 2773 3248 3585 3656 4405 4785 4885 7600 7639 9533
555 555 2 580 3640
556 556 14 146 720 886 2392 2909 3252 3463 3896 4001 4550 4724 5907 6651 9848
557 557 5 621 792 1608 5020 9570
558 558 7 326 829 3045 3173 5586 8689 8905
559 559 20 1049 2740 3419 5316 5802 6393 6659 7046 7380 7382 7790 8190 8321 8448 8523 8589 8747 9342 9546 9737
560 560 14 253 1259 2002 2357 2502 5021 5835 6044 6135 7287 7585 8067 8745 9570
561 561 15 325 681 1731 1756 3180 3900 4089 4663 4809 5828 6128 6341 6792 6958 8481
562 562 13 172 275 1319 3067 3507 4334 4513 6764 7622 8362 8785 9238 9790
563 563 2 7013 9027
564 564 11 1091 1181 1190 3248 5185 6159 6258 7070 8567 9090 9630
565 565 9 118 400 828 3035 4275 4366 6318 7653 9971
566 566 10 111 621 3648 4606 6345 7361 7672 9256 9570 9729
567 567 10 334 1436 3338 4431 4598 5199 5777 6866 9691 9881
568 568 16 186 396 731 859 1100 2573 2865 3196 3607 4119 4357 4409 4681 6486 7654 8346
569 569 10 776 2131 2865 2919 3062 3732 4526 6885 7915 9210
570 570 9 267 364 1437 4467 4948 5942 6107 6601 8097
571 571 7 258 4719 6486 7672 8136 8714 9450
572 572 8 2692 2777 4484 5462 6415 7582 8748 9716
573 573 9 712 909 1378 2479 6197 6777 7576 7757 8488
574 574 16 1052 1093 2147 2266 3215 3360 3808 4209 5027 5479 6391 7207 7266 7990 9544 9648
575 575 6 192 5467 5599 7119 7362 9722
576 576 15 861 1426 1815 2075 2220 3142 4049 5605 6200 6277 6764 7614 7884 9784 9891
577 577 13 321 440 1476 2132 3022 5448 5727 6078 7377 7922 8236 8243 9123
578 578 6 1977 2827 4514 5918 7899 8776
579 579 10 500 829 1572 1862 2269 2559 2717 5405 8072 8859
580 580 14 1525 2409 3461 4222 4920 5823 5842 6099 7668 8462 8923 9460 9693 9867
581 581 12 653 699 1460 1801 1868 2030 2117 2505 5593 7039 9226 9974
582 582 8 1882 3173 5063 5586 6137 8689 8836 9955
583 583 9 2061 2133 2743 3305 5386 5414 6494 8723 9240
584 584 16 124 1263 1996 2416 2485 2643 3168 4187 4892 5429 5788 6962 8899 9273 9739 9901
585 585 8 77 1659 2223 5644 7220 8019 9197 9336
586 586 13 86 523 1222 1403 1640 1809 3118 4011 4294 4681 4845 9583 9996
587 587 11 364 1221 1756 3418 3920 4761 6935 8637 8689 9021 9812
588 588 9 1145 1216 1692 2461 3471 5202 6862 8236 9811
589 589 6 605 2386 2970 2990 6803 6906
590 590 8 715 2728 2835 4471 7327 8042 9415 9867
591 591 5 214 3189 4975 5786 9903
592 592 13 166 2221 2341 5070 5439 5732 5878 6763 6793 7557 8119 8473 9756
593 593 18 223 267 348 1983 2523 2919 3005 3177 4237 4427 5339 7188 7439 7599 7838 8637 8653 9317
594 594 8 185 2260 3253 4904 6170 8619 9146 9707
595 595 16 1269 1497 1539 1890 2048 3129 3258 4286 4418 4918 5842 6035 7660 8400 8636 9805
596 596 13 334 595 617 1052 1572 1836 2968 3821 4288 6663 6717 8014 9656
597 597 9 1984 2097 2581 3258 5288 7405 9396 9800 9896
598 598 19 161 455 1055 1136 1668 2079 3636 3774 3900 4412 5823 7502 8213 8408 8609 8747 8758 8868 9881
599 599 14 66 203 1376 1525 2795 4222 4233 4920 5842 6099 7112 7668 7985 8923
600 600 11 144 1398 2955 3535 5462 5488 6152 8087 8598 8672 9922
601 601 11 1389 2301 2536 2739 3352 3413 3999 4307 4884 5301 8030
602 602 8 1387 2338 3034 4665 5038 6367 6454 8677
603 603 12 273 2626 4111 4168 4574 4855 4898 5237 5593 5713 7610 7660
604 604 9 989 1584 3951 4527 5016 5162 7358 8735 8899
605 605 8 1602 1980 2195 2246 2463 2977 4592 6286
606 606 9 2923 3159 4365 4731 6469 7287 8483 8680 9336
607 607 14 310 931 1999 4168 4574 4898 5301 6618 7660 8042 8998 9069 9120 9436
608 608 10 1387 2520 3034 4665 5673 6367 6535 7942 9188 9450
609 609 12 275 930 1426 3887 4863 5252 6041 6043 6179 6952 7471 9505
610 610 10 449 657 2427 2617 3156 3463 3620 4528 8382 9384
611 611 14 1801 2203 2557 5200 5513 5593 6282 6486 6780 7918 8757 9125 9257 9580
612 612 9 1160 4238 4538 6308 6471 7238 8779 9096 9389
613 613 10 401 408 1121 3962 5330 5431 6729 8830 8927 9700
614 614 7 308 868 1265 2118 2328 5783 6422
615 615 8 958 1454 4389 5378 7995 8642 8865 8909
616 616 7 1155 1996 2612 4718 6475 6730 7479
617 617 7 1195 3243 4139 5218 5537 6643 8106
618 618 8 680 2879 2881 3567 4051 4175 5702 8835
619 619 14 166 917 1669 2995 4623 4804 4874 5799 6402 7046 7207 7576 8921 9537
620 620 8 1442 1522 2843 4403 4421 8771 8910 9462
621 621 10 154 605 1193 2386 2970 2990 3413 6803 6906 9141
622 622 9 446 690 1351 4019 4032 4785 5977 7209 8548
623 623 16 919 1149 1368 2212 2990 3629 4019 4032 5711 5850 6755 7471 8204 8305 9185 9270
624 624 5 500 710 1450 2965 5575
625 625 5 993 6039 7278 8974 9224
626 626 10 756 3195 3624 4411 5084 6098 6588 8398 9128 9794
627 627 6 4920 4999 5240 6927 8771 8997
628 628 15 108 429 1093 2730 3471 4495 4496 5572 5574 5719 6800 8105 8224 9079 9225
629 629 11 659 1717 1798 1898 2917 3622 3906 6002 7119 8763 9810
630 630 15 233 599 2480 2925 3573 3821 5443 5570 5718 6576 6727 7046 8557 9439 9929
631 631 10 146 513 813 2259 2392 4550 5027 5907 6576 7528
632 632 7 3385 3998 5049 6643 7823 7892 9443
633 633 6 185 1580 2554 3248 8142 9584
634 634 13 271 375 377 1294 3404 4898 6482 6998 7255 7530 8436 9216 9568
635 635 14 1436 1838 1892 2176 2402 2598 3431 5718 5726 5861 6275 6698 7406 9196
636 636 11 1385 2443 3210 4178 4303 4407 5351 6239 6476 6628 6960
637 637 7 593 912 1680 4401 4609 9373 9576
638 638 7 1436 1892 2548 4557 7092 7648 7898
639 639 5 720 2148 5669 8376 9040
640 640 10 4 313 2339 3059 5269 5934 6277 7070 7463 7770
641 641 4 2362 5837 6097 8687
642 642 11 188 801 1097 1892 1938 3215 4607 4943 6258 6957 7956
643 643 12 140 1214 1368 1950 2341 2640 2764 3886 4190 5598 7267 9362
644 644 8 300 889 2188 2520 2904 4146 5345 6133
645 645 9 222 1237 2369 3154 3610 4995 6651 7364 7790
646 646 5 104 2289 5848 7092 7542
647 647 11 806 2301 2498 4469 5107 6073 6403 6630 6709 6716 6867
648 648 13 234 425 446 731 2203 3127 4200 4672 4929 6365 7361 8668 9114
649 649 9 192 5481 5551 6188 6777 6904 7783 9604 9950
650 650 7 1632 1821 3100 3998 4665 6077 6505
651 651 13 1 552 1181 1214 1254 2450 2827 3503 3806 5203 5877 8583 8649
652 652 13 1299 1347 2554 2663 2669 3449 4156 5962 6354 7638 7981 8125 9678
653 653 7 1396 3551 5754 6433 7071 7132 8604
654 654 8 2029 2795 3471 4761 6430 7968 8990 9097
655 655 6 1063 2852 4551 6012 7914 8275
656 656 11 146 514 1664 1710 1987 4695 5142 5525 7520 8257 8515
657 657 9 544 1713 2129 2219 2598 4002 4877 5205 7840
658 658 8 20 2125 2240 2834 3490 7813 8828 9951
659 659 9 868 1715 2117 2369 3196 3233 4130 6531 9185
660 660 20 143 507 1450 1885 2042 2195 2609 2980 3134 3233 3648 4015 7066 7445 8721 9225 9365 9630 9820 9974
661 661 10 1321 3942 4156 5207 5494 5755 5828 7981 8190 9678
662 662 12 1055 2190 3123 3191 3734 3805 4206 4971 5462 8382 8695 9165
663 663 15 34 1580 2022 2617 2795 2868 3861 5330 6021 6418 6520 6931 6982 7305 7327
664 664 15 653 792 850 1049 2077 2265 3100 3251 3258 3827 4344 4472 6344 6367 7071
665 665 17 720 1127 1690 1776 1918 4155 4346 4686 4863 4911 5800 6343 6448 6589 6791 7359 9377
666 666 8 482 1102 1999 2172 3129 6930 8316 9667
667 667 11 481 1697 1962 2498 3514 6233 6659 7343 8502 9179 9905
668 668 14 1325 2502 3719 3920 5023 5362 5523 5735 6313 7818 9105 9229 9710 9899
669 669 8 1176 1329 1855 2213 6003 7912 8040 9159
670 670 11 310 1097 1787 2361 2788 3231 3916 5223 5737 7687 9488
671 671 11 559 1121 1162 1799 3437 4499 4971 5804 5965 8570 8909
672 672 11 1164 1252 1448 2147 3715 6293 6510 7439 7913 8553 8829
673 673 9 486 2759 3552 4577 6148 6538 7480 7903 8995
674 674 10 67 1110 3928 4418 5265 5976 6032 6906 9069 9808
675 675 10 1152 2638 3096 3197 5640 7929 8026 9715 9737 9764
676 676 13 425 544 1388 2039 2140 2236 5656 5765 7213 7744 7920 9057 9232
677 677 11 19 67 1653 3359 5963 6493 6957 7886 8042 8629 9738
678 678 12 1244 1790 3594 3719 4984 7075 7209 7682 7713 8329 9002 9497
679 679 7 1701 2131 3009 3248 5718 6654 7600
680 680 8 347 1577 2898 4412 4597 5823 7414 7726
681 681 5 265 4024 7004 7905 8551
682 682 11 202 279 431 1326 2879 4225 5944 6883 8382 8575 9612
683 683 12 621 1328 1382 2688 4024 4053 5601 5903 7468 8246 9460 9570
684 684 16 492 2627 3258 3404 3498 4320 4513 4613 4898 4995 7405 8436 9216 9568 9800 9896
685 685 8 479 1125 2139 4560 4862 6027 7678 8799
686 686 4 931 3298 5839 7754
687 687 6 2857 4038 5423 5885 8556 9130
688 688 12 222 441 2268 2628 4198 4250 4863 5011 5072 5507 5902 7472
689 689 8 595 3453 4200 4390 4974 5315 6108 7622
690 690 13 2131 2450 3009 3806 3837 4181 5718 5877 6654 8419 8569 8649 9384
691 691 12 419 2249 2506 2510 3280 3482 4651 6627 7269 7719 7787 9099
692 692 7 1832 3949 4899 7854 7997 9204 9480
693 693 11 1187 1575 1787 5867 6329 6702 7469 8136 8422 8789 8989
694 694 4 1716 4295 7542 9568
695 695 15 267 668 1080 1335 1659 2450 2727 3354 3635 3844 4065 4562 5376 8261 9460
696 696 9 14 534 1131 2155 2318 4918 6745 7789 8976
697 697 11 1170 1832 3817 4557 5495 5801 5980 6133 7648 7997 8502
698 698 12 113 992 1921 2121 2273 2489 2890 3809 4344 4573 4840 5351
699 699 9 270 1985 2495 4909 6144 6695 7613 7986 8460
700 700 10 186 859 951 3196 4357 6200 6277 7614 9784 9891
701 701 10 1989 3463 4111 4317 4855 5593 5713 6483 7287 7574
702 702 15 81 887 1387 3034 4324 4665 5584 6119 6367 7965 8166 8502 9270 9442 9501
703 703 13 301 358 984 1477 1793 2992 4080 4154 4970 6277 7095 8929 9120
704 704 5 97 3881 4432 4879 8876
705 705 19 792 801 861 1301 1608 3463 4049 4191 4320 4427 4692 5020 5098 5605 6282 6489 7491 7813 9030
706 706 12 504 822 1983 2879 3145 3959 5080 5547 8116 8248 8277 8731
707 707 5 2084 2118 5344 5899 7572
708 708 12 1030 1235 1643 2596 3248 3298 4690 4780 6773 7600 8534 9219
709 709 13 746 2231 2694 2703 3620 3898 3907 4361 6716 6928 7407 8192 9781
710 710 9 2031 2515 3797 4277 4426 6308 6322 8924 9199
711 711 9 1201 1489 5293 5803 5945 6339 7376 8597 9754
712 712 4 2502 7818 9710 9899
713 713 10 1189 1904 2203 5368 5999 6583 6906 7361 7720 7901
714 714 13 545 2055 2901 3105 3414 3652 3887 4476 4911 5210 6812 8067 8899
715 715 18 277 822 830 1219 1416 2328 4805 4974 6011 6136 7142 7514 7656 8095 8653 9546 9783 9983
716 716 10 690 1150 2512 3825 4392 5386 5695 6839 9784 9941
717 717 14 271 1573 2198 3195 3414 3503 3952 4250 4919 4974 7480 7812 8583 9567
718 718 14 86 162 1396 2309 2812 3702 4752 4890 5492 6099 7599 8143 8348 8615
719 719 14 648 739 1393 1397 3108 3384 3521 5024 6216 6778 6827 8277 8550 9352
720 720 5 768 1793 3385 4568 6848
721 721 10 2183 2653 3189 3602 4588 5668 6009 7266 9365 9389
722 722 13 1152 1481 1585 3735 3885 4226 4879 7074 7600 9329 9371 9883 9963
723 723 5 296 401 1232 3935 5136
724 724 7 691 1410 1821 2712 2848 4923 9089
725 725 12 408 608 1113 3422 4589 4999 5485 5700 6220 7370 8204 8382
726 726 9 470 1950 2341 2764 2816 4620 4741 8115 8555
727 727 8 144 1260 1821 2560 3254 3437 6779 9413
728 728 13 1351 1758 2853 3612 4279 4296 4703 5299 5384 5509 8116 8430 9359
729 729 3 1241 4956 8050
730 730 4 3696 5649 6934 7084
731 731 4 1314 6572 7316 7328
732 732 13 123 1426 1647 2706 3257 3875 4345 4606 4942 4997 5905 7908 9648
733 733 16 15 315 457 2221 2731 2986 2992 3451 3756 4144 6133 6546 7627 9271 9651 9821
734 734 12 60 301 1015 1620 1744 2363 5609 6262 6745 7479 7556 8368
735 735 8 1193 2341 2653 4574 7535 8306 8972 9518
736 736 11 545 1057 3368 3864 5788 6267 6935 8672 9525 9677 9905
737 737 13 959 1304 2420 2607 2721 3852 5028 5191 5861 6329 6929 8212 9318
738 738 13 1131 1219 1416 2103 3984 5609 8059 8095 8469 9013 9130 9221 9836
739 739 6 321 744 3013 5022 7217 8158
740 740 8 215 1201 3191 3380 5686 6110 6908 8412
741 741 14 1478 1684 2009 2622 2687 3919 4257 4747 5762 5886 6470 8989 9330 9515
742 742 6 2121 3417 5199 5406 5976 8764
743 743 13 749 1756 2624 3363 3431 3560 3809 5668 7203 7210 7585 8732 9987
744 744 13 416 1688 3117 3552 4090 5107 5739 6092 6676 7862 8483 8925 9201
745 745 20 11 449 612 732 832 1974 2975 3096 3418 3474 3568 4324 4902 4983 5509 6390 7075 7240 8288 8924
746 746 22 234 446 731 813 1147 2081 2203 2796 4144 5332 5496 5601 5715 6267 6889 7387 7613 7840 8709 8761 8974 9734
747 747 13 1417 2133 2559 4109 4153 5572 6258 7395 7495 8016 8238 8511 9434
748 748 4 162 170 2431 4101
749 749 5 4514 5034 8057 8485 8854
750 750 12 288 317 1306 1892 3368 5004 5503 6666 6821 6999 9009 9339
751 751 10 850 2980 3330 4303 4831 7037 7646 7655 7785 8789
752 752 12 1033 1057 1688 3117 5220 5739 5963 7478 7957 8735 8753 9677
753 753 8 30 141 680 3612 4038 4669 8748 9891
754 754 11 526 1121 1162 3490 4946 5027 5392 6039 6755 7760 8909
755 755 8 219 3237 4101 7839 8075 8763 9077 9578
756 756 8 1929 2147 2542 2746 3155 4162 4462 7800
757 757 16 68 473 895 1338 1594 2731 3120 3549 3572 3955 6199 6917 7087 8305 8709 8997
758 758 13 408 4265 4703 5490 6207 6304 6418 7489 7543 7653 8106 8297 9407
759 759 9 534 3437 3648 3774 6292 7087 7441 8408 8642
760 760 11 1083 2030 2203 3639 4143 4144 4868 5470 6831 7319 9167
761 761 8 104 308 1821 2380 2508 3134 4012 9478
762 762 6 223 2351 5707 6832 8399 8936
763 763 9 668 1292 1338 3498 4627 7163 8353 9175 9815
764 764 13 1 1760 2437 2450 3442 3806 4506 5877 7897 8135 8649 9692 9792
765 765 7 2742 3023 4027 4690 6814 7254 7656
766 766 6 104 295 3738 5671 7560 9091
767 767 13 565 595 1405 2023 2672 3257 4228 5478 6324 8440 9287 9537 9546
768 768 7 3633 4129 6393 6556 7380 8190 9429
769 769 16 1027 1228 1955 2134 2273 2448 3895 4031 4344 5502 5726 5903 7446 7482 7991 8814
770 770 9 918 2294 2789 3398 3832 6256 6476 7859 9633
771 771 7 2303 3848 4349 6435 6953 7407 7774
772 772 8 1989 2206 3620 4307 5845 6716 7407 9247
773 773 16 72 931 2065 2150 2278 3023 3065 3853 3886 4005 4483 6676 7588 7766 9023 9394
774 774 6 14 3942 5265 7008 7601 9279
775 775 8 2232 3394 3644 3852 5861 7600 8297 9318
776 776 14 219 966 1176 1743 1857 2868 2951 5068 5301 6808 8191 8671 9130 9438
777 777 8 1454 2633 3149 4012 4410 5700 6317 8689
778 778 3 3146 5384 8203
779 779 8 860 3620 4594 5823 6701 7550 9359 9433
780 780 8 2182 2926 4079 4970 5911 6351 6988 9553
781 781 15 964 1460 2307 2382 2692 3841 3970 4562 4709 4784 4931 5611 5989 8641 8977
782 782 5 612 4769 6008 7642 9856
783 783 5 595 1405 2672 4228 9287
784 784 7 2249 3516 5938 6826 7664 8638 9255
785 785 10 202 746 1776 2660 2990 4987 5201 6239 6418 8926
786 786 10 1896 1999 3471 3551 4571 5509 6988 7494 9000 9969
787 787 11 520 3347 4032 5543 5815 7051 7217 8016 8403 8980 9729
788 788 8 152 1929 2260 7387 7526 8342 8498 9460
789 789 7 1842 2347 2461 5141 6418 8156 9605
790 790 12 222 768 3610 4862 6010 6168 7364 7710 7745 7790 9251 9691
791 791 6 1022 1052 2711 5593 7577 8799
792 792 10 1548 2084 2570 3253 4354 7206 7878 8400 9318 9827
793 793 13 1385 2443 3871 4303 5351 6082 6310 6367 6476 6960 8788 8968 9120
794 794 9 334 531 1807 2461 5288 6216 6676 8998 9834
795 795 12 1396 1760 1996 2341 4146 4561 6800 7600 7941 8091 8991 9784
796 796 9 565 3090 4462 4524 6925 7250 7361 8291 8762
797 797 10 1382 2183 2688 4024 4538 5601 8172 8781 9181 9460
798 798 6 2544 5387 6349 6591 8678 8756
799 799 11 662 743 1088 1437 2219 4784 5129 6075 6777 7122 9342
800 800 13 186 295 715 1437 1920 5022 5552 6734 7483 7613 8082 8460 9284
801 801 5 3210 3726 5640 8049 8781
802 802 12 389 1169 3283 3327 3491 6022 6857 8042 9026 9040 9488 9865
803 803 8 394 1963 2341 3648 5823 5892 7801 9369
804 804 9 1057 2567 3359 3456 5966 6457 6561 7303 9554
805 805 8 101 2075 2175 4142 4989 5996 6081 8682
806 806 13 230 577 1984 2710 3920 4335 4757 5109 5892 6525 7852 8761 8989
807 807 16 542 1214 1464 2835 3196 3774 4411 4520 6005 6963 7309 8091 8212 8254 9567 9834
808 808 12 1276 1771 1787 2462 2868 3627 5288 5817 6777 6992 7757 8550
809 809 9 1267 1637 3925 5456 6150 6474 6775 7071 7188
810 810 13 408 868 2337 3962 5330 5431 5986 6729 6792 6987 7261 7362 8927
811 811 12 221 963 1799 1901 1981 2384 2463 4207 7722 7893 9485 9515
812 812 13 694 709 1094 1861 2597 2731 4364 4868 4887 5170 6666 8173 9481
813 813 8 378 4214 4874 5288 6202 6732 7642 8281
814 814 12 1771 1785 2698 2970 4905 7248 7599 7800 7965 8020 8610 8723
815 815 5 1765 2559 2854 6269 8915
816 816 15 680 3684 4118 4407 5081 5295 5928 6601 7289 7666 8226 8745 9262 9567 9867
817 817 16 315 742 923 1692 2999 3298 3522 3942 5407 5606 6346 6951 7250 8253 9812 9959
818 818 24 396 740 1441 1702 2288 2857 3644 4038 4436 4559 4599 5211 5423 5885 6659 6798 7387 7494 8078 8356 9130 9253 9614 9828
819 819 9 1883 2263 2627 2694 5200 5589 6188 8641 9501
820 820 11 1129 1310 1859 2134 3116 4031 5726 6267 7147 8325 9567
821 821 14 681 1064 1701 1898 3191 3580 7354 7519 7950 8398 8538 9042 9533 9910
822 822 13 852 2045 2939 3316 4418 4618 4918 5103 5198 7715 8244 9401 9678
823 823 13 108 1392 2131 2700 2739 4893 5073 6208 6885 6953 7008 9285 9500
824 824 11 668 1080 1335 2161 2727 3844 4065 4887 6174 6674 9460
825 825 7 1184 3690 6275 6662 7109 7260 9687
826 826 8 1941 3900 4948 5942 7685 8097 8382 8672
827 827 8 1601 2018 2720 3188 6348 8340 8951 9226
828 828 9 87 691 1645 1821 1887 2041 2070 3451 5824
829 829 8 34 99 4946 5104 5616 5809 7647 8175
830 830 12 359 641 801 2959 5056 5164 5398 5874 6408 7506 8909 9037
831 831 8 455 775 1049 2532 4326 5687 9342 9546
832 832 11 846 1283 1679 3218 5781 7026 7493 7560 8370 8656 9340
833 833 8 3133 4598 5560 7242 7411 8491 9330 9460
834 834 6 2045 3316 3543 4871 4918 5408
835 835 10 401 1770 3333 3656 4152 4293 4724 5066 5664 7447
836 836 12 478 1062 2529 3129 3276 3648 4859 5349 6173 7249 7852 8325
837 837 9 300 889 2188 2520 2904 4146 5345 6133 9008
838 838 4 5543 7217 7405 9570
839 839 6 1498 1947 3035 5502 8569 9586
840 840 11 898 2818 3918 5240 5651 6483 7974 8567 8605 9763 9893
841 841 14 467 652 977 1463 3155 3233 5780 6012 6241 6586 6840 7914 8002 9859
842 842 9 333 1073 2249 3269 5231 5783 6700 7139 9556
843 843 4 4364 4686 8569 9676
844 844 3 2240 9079 9951
845 845 15 2479 2523 2792 3312 3675 3960 4333 5828 6304 6777 6798 7070 7576 9148 9878
846 846 4 690 1859 6431 9827
847 847 7 359 1156 2641 3797 5590 6296 6377
848 848 17 161 230 829 2755 3387 4923 5546 5796 6292 6462 6599 7760 8589 9183 9215 9488 9558
849 849 8 617 1052 2968 3050 5572 6521 9294 9656
850 850 9 144 1617 3731 4203 5743 6129 6820 6872 7474
851 851 18 1270 2065 2302 2450 3357 4428 4603 4825 5218 5537 7132 7182 7262 7642 7885 8084 8874 9568
852 852 4 1052 2147 3808 9544
853 853 14 928 1735 1837 3134 3536 4500 4789 5789 6088 6442 7238 7267 9301 9656
854 854 14 861 2055 4049 4320 4692 5605 5990 6021 6505 6568 6601 6692 7087 9740
855 855 8 2471 3758 6075 6159 6775 8565 8619 8818
856 856 9 14 2789 3190 4559 5426 6851 7316 7623 8297
857 857 6 3334 4756 5153 5949 7821 8103
858 858 7 186 2249 3312 4333 5819 6171 9148
859 859 19 90 825 967 1924 2191 2846 5212 6068 7355 7426 7653 7728 7922 8610 8843 8868 9280 9648 9810
860 860 10 307 593 2452 4401 4550 4609 6012 8248 8808 9373
861 861 9 268 609 857 1328 2868 3489 3634 5516 7533
862 862 7 475 3390 4837 5027 8341 8907 8950
863 863 17 275 378 1587 2717 3730 4368 6011 6158 6764 6792 8122 8362 8387 8760 8785 9238 9790
864 864 12 141 194 1451 3298 4032 4752 4905 4984 5835 6281 7090 8715
865 865 10 2133 2663 5774 6267 6335 8054 8378 8461 8612 8709
866 866 10 624 2664 4334 4513 5265 6937 7672 7716 8049 8747
867 867 4 1847 5374 6823 8051
868 868 10 1776 2515 3196 3733 4027 4277 5207 6324 6371 9284
869 869 18 889 1437 1511 1860 2188 2520 2904 3645 3925 4146 5345 5456 6133 6150 6474 7071 7188 7519
870 870 10 1663 2161 3062 4142 4845 5531 6144 6561 7753 9919
871 871 5 3694 4090 4755 7154 9107
872 872 8 435 1770 3140 3195 4381 6351 8228 9253
873 873 16 313 489 1578 2152 2523 3605 4455 5160 5387 6258 6701 7241 7359 7915 8212 9246
874 874 14 267 749 1756 2827 3719 3809 4203 4467 5218 5668 6601 7203 7210 8676
875 875 7 177 390 622 741 3056 3312 7970
876 876 11 294 2190 2461 3721 3975 4277 5353 6745 7242 8550 9115
877 877 7 416 1785 3612 4204 5628 7922 8774
878 878 11 219 596 639 1729 2240 2721 6371 7085 9079 9514 9951
879 879 13 1091 3442 3483 5066 5185 6675 7014 7062 7995 8649 8759 9090 9630
880 880 12 321 1058 1600 2091 3325 5368 6360 6717 6783 8305 8326 9701
881 881 5 67 1446 2511 7130 7688
882 882 8 2364 3843 6006 6151 6580 7015 7085 9247
883 883 16 32 308 481 2127 4109 4156 5752 5867 6022 6135 7540 8119 8801 8805 9141 9463
884 884 13 67 179 1948 2962 3082 4606 4866 5153 7177 7287 7890 8660 9820
885 885 7 154 1024 1216 3117 3696 6352 6417
886 886 13 919 958 1000 1369 2188 4628 4929 5147 6773 7250 7387 8338 9656
887 887 9 1063 1964 1974 2629 2852 4551 8275 8876 9568
888 888 10 1015 1620 3806 6262 6593 6643 7446 7682 8304 8368
889 889 9 690 3634 4217 4527 5468 5925 7472 8718 9843
890 890 9 751 1925 3140 3300 3510 5449 8629 8865 9147
891 891 8 203 1088 3568 5700 7052 8122 8703 9790
892 892 14 78 319 561 895 1987 3010 3230 3442 4182 4215 5884 6953 7519 7575
893 893 10 258 2552 4362 4863 5823 6194 6640 6889 7081 9261
894 894 8 2989 4109 4156 5193 6135 8521 8905 9584
895 895 15 746 1420 2411 2478 2873 3311 3381 4473 5352 5359 6273 6385 6928 7258 9033
896 896 8 2852 3325 3916 3952 4277 4390 9245 9260
897 897 10 905 3338 3639 3837 4050 5252 6179 7704 8608 9505
898 898 8 42 908 1780 7357 7362 8427 8829 9947
899 899 13 1022 2996 3708 3715 4272 4427 4590 5191 5360 6022 8349 9685 9686
900 900 12 776 816 947 1173 2537 3025 3278 3489 3545 3719 6465 6779
901 901 8 2339 3059 4656 5068 5934 6277 7463 9120
902 902 9 690 3070 5499 5770 7307 7562 8016 8644 9250
903 903 11 32 1022 1434 1641 1984 2710 3483 4051 5430 6833 8761
904 904 9 2629 2996 5673 5788 8721 9120 9188 9450 9792
905 905 8 67 321 1273 1381 3491 5976 6775 9933
906 906 11 500 710 1450 1642 2965 3188 3774 5020 5575 5813 6427
907 907 9 125 874 1058 2179 6068 7406 7491 7522 9974
908 908 10 390 2976 4260 4420 4858 5575 5653 6628 8002 8062
909 909 10 301 1232 1933 3723 4361 4800 6098 7206 7878 8128
910 910 6 631 690 3305 6494 8150 8289
911 911 6 637 4445 5158 5671 8283 9926
912 912 10 2692 2758 2822 2878 3483 3567 6792 6953 7085 8815
913 913 13 1660 1728 1893 2342 2792 4109 4789 5590 5608 6951 8923 9567 9679
914 914 11 359 1790 2560 3360 3948 5369 6643 6779 8638 9413 9719
915 915 16 964 2046 2382 3117 3572 4709 4784 4931 5329 5448 6705 6784 7982 8057 8637 8977
916 916 9 1989 2206 3977 5047 5845 7154 8810 9247 9947
917 917 9 481 731 3663 5752 7717 8323 9057 9536 9831
918 918 13 649 979 1218 1239 3557 3785 5788 6400 6434 7587 7979 9247 9763
919 919 8 479 5523 5537 5612 6027 7678 8799 8855
920 920 6 141 5309 5986 8089 9112 9511
921 921 8 720 1655 2909 3896 4001 4248 6940 7540
922 922 13 67 1948 2622 2839 3691 3796 5153 5963 7407 7825 7866 8943 9128
923 923 6 188 1702 4032 8135 8382 9588
924 924 6 162 4518 4598 8860 9008 9454
925 925 10 772 1837 2298 3134 3536 4789 5523 5789 6088 7267
926 926 15 481 624 773 886 1962 2270 3252 3463 3514 4724 5212 6135 6233 9105 9179
927 927 12 636 1872 1902 2721 4498 4875 5163 6209 6470 7407 7556 9726
928 928 10 387 507 858 1541 4142 5663 7008 7556 9588 9951
929 929 7 473 895 1224 7087 8709 8997 9737
930 930 18 599 1396 2226 2341 3359 3616 4146 4334 4561 5319 5735 6701 6723 7600 8049 8091 9784 9936
931 931 14 638 668 862 1383 2852 2883 3952 5545 6066 6955 7822 8517 9260 9580
932 932 11 154 737 2628 3396 4069 4797 5492 6389 6833 7980 8566
933 933 9 507 2243 2763 4203 4947 5115 5769 7389 8271
934 934 9 482 517 1102 1575 2172 5352 6930 9152 9667
935 935 6 2883 3516 5014 8111 9055 9418
936 936 10 504 1075 3096 3142 3239 4076 4323 9643 9696 9949
937 937 7 1074 1896 3231 4376 4743 5914 7480
938 938 11 162 2112 3418 3563 3872 4012 4779 6605 8689 8795 9021
939 939 8 292 449 657 1602 1688 2427 2617 4337
940 940 5 545 984 2285 2931 6115
941 941 13 29 250 470 1645 2091 3093 4764 5082 7349 8813 9271 9719 9829
942 942 3 861 3155 6241
943 943 9 545 2009 2392 2673 2687 4296 7438 9330 9515
944 944 6 67 7238 8698 9163 9630 9656
945 945 15 1306 1790 2860 3023 3176 4598 5004 5595 6210 6821 6999 7426 8671 9009 9339
946 946 5 1314 6572 7316 7328 7392
947 947 12 1784 1815 1946 2801 3809 5363 5823 6461 6584 6609 6900 9213
948 948 14 79 593 1057 1204 1618 2206 2435 4074 4238 6627 7738 8025 8271 8520
949 949 11 563 1688 2426 3117 3552 3809 4117 4200 5022 5739 5837
950 950 11 770 1024 1049 2544 2740 3951 4602 5839 7867 9342 9546
951 951 10 1093 4183 4274 4527 5798 5878 6906 7206 7527 7645
952 952 12 2048 2669 3258 3334 3391 3807 7638 8168 8173 9805 9929 9963
953 953 8 270 1048 3633 6653 7046 7572 7929 9588
954 954 8 434 792 4594 5211 8013 8966 9114 9866
955 955 24 500 599 662 809 945 1127 1386 1862 2226 3359 3616 3898 4233 5032 5319 5405 5735 6701 6723 8072 8168 8723 8989 9936
956 956 19 28 288 461 691 1427 1477 2691 2752 3605 3918 4319 4538 4899 4984 5715 5803 6429 8920 9015
957 957 11 811 3622 3807 4465 4658 5360 6313 6947 7097 7381 7699
958 958 14 100 2206 2367 3444 3553 3682 3922 4984 5284 5822 6183 6699 8854 9161
959 959 11 2082 2102 2243 4456 4936 6598 7132 8356 8506 8530 9558
960 960 9 275 1138 4933 6558 7171 7913 7970 8934 9746
961 961 9 1673 1711 5347 5837 6187 6618 7606 7633 7941
962 962 20 170 912 2903 3070 3311 4027 4277 4864 5207 5963 6158 6399 6601 6963 7368 7639 8387 8599 9533 9858
963 963 9 659 1155 2177 2299 5999 6207 7206 7857 8321
964 964 14 267 396 1100 2627 3178 3890 4409 5200 5809 6361 6486 6971 7654 8346
965 965 8 5 1938 3587 5000 6263 9331 9403 9740
966 966 4 1017 1918 5115 5719
967 967 15 270 288 863 1896 2036 2207 3300 3356 5648 5809 6580 7878 9373 9588 9739
968 968 11 1140 2150 3430 3827 4032 5799 6594 7502 7533 7875 8111
969 969 4 1779 1871 2750 2832
970 970 11 1055 1785 2970 3900 4319 4905 5662 7562 7599 7800 8610
971 971 5 478 2649 3145 3468 5967
972 972 8 659 3281 4598 4946 5757 6099 9613 9808
973 973 7 2822 3491 6859 7419 8271 8419 9740
974 974 12 34 880 3364 4396 5009 5073 5395 6090 6674 7646 8530 8968
975 975 13 858 1551 2739 3177 4109 4420 4866 5840 7988 9422 9436 9533 9905
976 976 12 275 744 861 1715 1774 3695 4129 6782 7206 7470 7897 7972
977 977 17 2977 3232 3734 3793 4983 5784 6070 6192 6558 6857 7328 7550 7685 8500 8974 9448 9522
978 978 5 91 4020 4247 6284 8462
979 979 6 1620 3305 5190 5250 7228 8644
980 980 13 1343 2097 2565 2792 3443 4155 5493 5662 5864 5885 7930 7982 8940
981 981 10 1564 3120 3394 4498 4697 4862 5902 8056 8552 9015
982 982 9 1236 1623 3871 6066 7152 7582 7861 8030 9933
983 983 7 1756 2608 3882 5482 6247 7905 8502
984 984 13 649 1239 1896 2382 3557 5268 5281 5509 5613 6243 7587 9018 9247
985 985 11 378 968 1972 2857 4038 5423 5885 7574 8556 9130 9476
986 986 5 2083 3009 3580 6766 9737
987 987 7 2009 2011 2687 5308 8111 9330 9515
988 988 16 1331 1621 4305 4374 4392 4654 4695 5022 5200 5653 5959 7526 7645 7664 8808 8975
989 989 8 89 558 1885 3163 4073 6229 7919 8424
990 990 6 4513 4995 7380 7599 8300 9584
991 991 9 3444 3704 4443 5082 5712 5828 6048 9270 9723
992 992 14 931 1251 1277 1333 2607 3025 3352 3409 3551 5191 5434 5802 7794 8870
993 993 7 114 1093 1224 2307 4567 7715 9737
994 994 14 75 261 911 1127 2059 2306 3196 3867 4288 5207 6589 7187 7359 8940
995 995 9 770 1497 1714 2219 3934 4722 5207 7869 9098
996 996 10 500 710 1450 1642 2402 2690 2848 5575 5813 7470
997 997 9 599 2226 3359 3616 5319 5735 6701 6723 9936
998 998 5 5353 5845 6962 8238 8425
999 999 13 1758 2305 2981 3069 3574 3751 4286 4353 5668 6273 7539 7763 8895
1000 1000 12 1564 1669 2560 2764 4498 5839 5902 7558 8552 9015 9757 9994
